-100
-99.7844
-99.5666
-99.3466
-99.1244
-98.8999
-98.673
-98.4437
-98.2119
-97.9777
-97.7409
-97.5015
-97.2594
-97.0145
-96.7669
-96.5164
-96.263
-96.0065
-95.747
-95.4844
-95.2185
-94.9493
-94.6768
-94.4008
-94.1212
-93.8379
-93.5509
-93.2601
-92.9653
-92.6664
-92.3633
-92.056
-91.7442
-91.4279
-91.1069
-90.781
-90.4502
-90.1143
-89.7731
-89.4264
-89.074
-88.7159
-88.3517
-87.9813
-87.6045
-87.2209
-86.8305
-86.4329
-86.0279
-85.6152
-85.1944
-84.7653
-84.3276
-83.8808
-83.4246
-82.9586
-82.4824
-81.9955
-81.4973
-80.9875
-80.4653
-79.9303
-79.3817
-78.8189
-78.241
-77.6474
-77.0369
-76.4089
-75.762
-75.0952
-74.4073
-73.6968
-72.9623
-72.2019
-71.4139
-70.5961
-69.7463
-68.8618
-67.9396
-66.9764
-65.9684
-64.9112
-63.7998
-62.6283
-61.3898
-60.0762
-58.6778
-57.1828
-55.5771
-53.8427
-51.9574
-49.8922
-47.6093
-45.0571
-42.1638
-38.8237
-34.8732
-30.0381
-23.8046
-15.019
0
15.019
23.8046
30.0381
34.8732
38.8237
42.1638
45.0571
47.6093
49.8922
51.9574
53.8427
55.5771
57.1828
58.6778
60.0762
61.3898
62.6283
63.7998
64.9112
65.9684
66.9764
67.9396
68.8618
69.7463
70.5961
71.4139
72.2019
72.9623
73.6968
74.4073
75.0952
75.762
76.4089
77.0369
77.6474
78.241
78.8189
79.3817
79.9303
80.4653
80.9875
81.4973
81.9955
82.4824
82.9586
83.4246
83.8808
84.3276
84.7653
85.1944
85.6152
86.0279
86.4329
86.8305
87.2209
87.6045
87.9813
88.3517
88.7159
89.074
89.4264
89.7731
90.1143
90.4502
90.781
91.1069
91.4279
91.7442
92.056
92.3633
92.6664
92.9653
93.2601
93.5509
93.8379
94.1212
94.4008
94.6768
94.9493
95.2185
95.4844
95.747
96.0065
96.263
96.5164
96.7669
97.0145
97.2594
97.5015
97.7409
97.9777
98.2119
98.4437
98.673
98.8999
99.1244
99.3466
99.5666
99.7844
100
100
100
100
100
